-7 -47 -2 -5 1 32 12 76 23 114 46 146 76 176 105 200 146 211 184 203 219 181 248 152 271 118 289 78 297 40 303 -2 306 -41 22 -86 44 -98 77 -105 103 -96 134 -85 171 -81 197 -92 227 -97 255 -90 278 -77 149 -41 148 -11 150 19 149 49 119 68 132 70 149 74 165 71 178 69 50 -40 67 -50 90 -49 109 -34 87 -27 63 -28 193 -32 207 -46 231 -50 250 -40 231 -29 210 -25 93 116 116 107 133 104 149 108 164 105 178 109 201 119 181 139 162 146 147 150 129 147 114 140 104 119 130 120 149 122 163 121 192 120 163 121 149 124 130 120 78 -42 217 -41 
-5 -47 0 -7 3 30 12 75 23 113 47 145 77 174 105 199 145 210 185 202 220 179 247 151 273 118 287 76 298 39 302 -3 306 -43 21 -86 44 -101 77 -103 103 -97 134 -85 171 -83 197 -93 229 -98 257 -93 279 -78 149 -40 148 -12 150 19 151 47 119 66 133 70 150 73 165 70 179 68 51 -41 67 -52 90 -49 109 -33 88 -28 63 -30 194 -33 207 -47 230 -49 251 -40 232 -29 209 -26 94 115 117 107 133 103 148 107 163 105 179 108 201 118 182 139 162 146 147 150 130 148 114 140 105 117 131 120 148 121 163 119 191 119 163 121 148 123 131 120 78 -41 218 -41 
-5 -49 -1 -6 4 29 12 73 24 111 47 143 77 174 105 198 146 209 184 201 220 179 247 151 271 115 288 77 298 38 302 -3 304 -42 20 -87 43 -99 77 -106 105 -97 135 -85 171 -83 198 -93 230 -98 256 -91 277 -76 150 -42 151 -12 151 15 151 46 119 65 132 69 151 72 165 70 178 67 51 -43 69 -51 90 -50 109 -35 88 -28 65 -31 193 -33 206 -47 231 -49 251 -41 231 -30 210 -28 94 114 116 106 133 103 149 107 164 104 178 108 200 118 183 137 163 146 148 150 129 147 114 138 106 117 132 120 149 121 163 119 191 118 163 121 148 123 130 120 78 -43 217 -43 
-4 -48 0 -8 4 29 11 73 26 111 48 144 76 173 107 198 146 211 184 200 219 178 246 151 270 117 285 77 297 38 302 -2 304 -42 25 -89 49 -101 77 -102 106 -98 134 -86 171 -84 196 -94 228 -97 254 -93 276 -79 151 -41 152 -13 152 15 152 46 119 65 135 68 152 72 165 69 178 67 50 -42 70 -53 91 -50 108 -35 87 -28 64 -31 191 -34 206 -48 229 -48 249 -40 231 -30 212 -26 95 115 116 105 136 103 150 105 162 104 179 108 199 117 183 139 162 148 148 151 132 149 114 138 104 116 135 120 149 123 161 119 193 117 161 119 149 124 135 121 79 -44 217 -43 
-4 -51 1 -8 3 28 12 71 25 109 46 142 76 173 104 198 146 210 183 199 220 177 247 149 270 114 286 75 297 37 303 -5 305 -43 22 -89 44 -101 76 -106 103 -99 135 -86 172 -85 197 -95 229 -98 255 -93 277 -78 149 -42 150 -14 152 14 153 44 118 65 133 67 152 71 164 68 178 65 50 -43 68 -52 90 -51 110 -36 87 -30 64 -31 192 -33 206 -47 229 -49 249 -41 231 -30 209 -26 95 114 116 105 135 103 150 105 163 104 180 106 200 117 184 138 163 148 148 151 130 150 115 138 105 115 133 119 149 122 162 119 191 117 162 119 149 124 133 121 78 -43 216 -43 
-4 -51 0 -10 4 28 11 71 24 109 46 142 75 170 103 197 144 207 183 198 218 176 247 150 269 116 286 75 296 37 303 -4 306 -43 23 -89 47 -102 76 -105 103 -100 134 -87 170 -86 196 -96 228 -99 254 -94 275 -80 151 -42 152 -14 152 15 152 44 119 65 134 67 152 70 164 67 178 65 50 -43 69 -54 90 -52 109 -36 86 -30 64 -32 191 -35 204 -49 229 -49 249 -41 231 -31 209 -26 94 112 116 107 136 101 150 105 162 102 180 106 198 115 182 138 161 149 148 150 131 148 114 137 104 115 135 120 149 123 162 120 192 116 162 121 149 123 135 122 77 -43 215 -44 
-6 -50 -2 -9 2 27 12 70 24 109 45 142 75 171 103 196 143 208 183 199 219 177 245 150 268 115 285 74 295 36 302 -6 304 -44 20 -89 42 -101 77 -108 103 -99 135 -88 170 -85 196 -95 227 -100 255 -93 276 -79 150 -43 149 -15 151 13 150 43 118 64 132 66 150 69 164 67 178 64 51 -44 67 -53 90 -51 108 -37 87 -31 63 -32 192 -34 206 -48 228 -50 248 -42 230 -32 208 -27 93 113 116 105 132 101 150 104 163 102 179 105 200 116 182 138 163 149 148 149 129 148 112 138 105 115 131 118 149 121 162 117 189 117 162 117 149 122 131 119 76 -44 216 -45 
-6 -51 -1 -10 2 27 11 68 23 108 44 140 73 172 101 197 141 208 182 200 218 176 246 151 269 115 284 75 297 36 301 -4 303 -44 20 -90 43 -103 76 -107 102 -101 133 -89 170 -86 196 -97 228 -101 256 -95 277 -80 148 -44 148 -16 149 13 150 43 118 63 132 66 148 68 164 67 178 63 50 -45 67 -54 88 -52 108 -37 87 -30 63 -33 191 -35 206 -49 229 -50 248 -41 229 -32 207 -28 93 113 116 104 132 100 148 104 163 101 177 105 199 116 182 139 163 150 148 151 129 149 111 138 104 115 131 116 147 119 162 117 188 117 162 117 149 122 131 119 75 -44 217 -43 
-5 -52 0 -11 3 26 10 68 23 108 44 140 72 171 101 197 141 209 182 200 217 177 244 152 268 117 284 76 295 36 301 -3 303 -45 21 -91 43 -104 74 -106 100 -101 130 -89 170 -86 196 -97 228 -100 254 -96 276 -80 149 -43 148 -17 150 13 151 42 116 63 132 65 150 69 162 66 176 64 48 -44 66 -55 87 -54 108 -38 85 -31 62 -34 191 -36 205 -50 227 -51 248 -41 228 -31 207 -28 94 113 115 104 134 101 148 103 161 102 177 104 197 115 182 138 161 151 146 151 129 150 110 139 105 115 131 115 148 116 160 116 186 117 160 125 147 125 133 125 75 -45 215 -43 
-5 -51 0 -11 3 28 10 70 23 109 44 141 72 172 101 197 139 209 182 200 217 178 244 152 268 117 283 76 296 36 300 -3 302 -45 21 -92 43 -104 74 -105 100 -101 131 -89 169 -86 194 -97 226 -102 254 -96 276 -82 148 -43 147 -15 147 14 148 44 116 63 130 65 147 69 163 66 176 64 48 -44 64 -54 87 -53 106 -36 85 -31 62 -32 189 -35 205 -51 228 -50 246 -41 228 -31 205 -28 94 113 114 105 131 101 146 104 162 102 176 106 197 118 181 140 161 151 146 156 127 152 109 141 103 115 130 115 146 117 161 116 186 117 161 126 145 127 130 125 75 -45 215 -43 
-4 -49 -3 -10 3 29 10 71 24 109 44 143 73 172 103 197 142 209 181 200 217 178 243 151 268 116 283 76 294 35 300 -3 302 -46 23 -93 45 -104 73 -105 99 -102 129 -89 168 -88 192 -98 226 -100 253 -96 275 -81 147 -43 146 -16 148 13 148 43 114 62 129 66 148 69 160 66 174 65 46 -45 66 -55 86 -53 105 -36 82 -32 61 -33 189 -34 203 -50 227 -51 246 -39 228 -29 205 -27 93 114 113 106 131 101 146 103 159 102 174 106 195 116 180 141 159 154 145 159 127 156 109 143 101 117 130 114 146 115 158 115 184 116 158 128 145 131 129 128 74 -44 213 -42 
-5 -50 -3 -10 3 28 12 71 23 110 44 142 71 173 103 198 142 211 180 201 216 179 243 152 267 116 283 75 295 36 301 -4 301 -46 22 -93 45 -104 71 -105 101 -102 129 -89 165 -88 191 -98 224 -100 252 -96 274 -81 146 -43 146 -16 147 14 146 44 114 63 128 67 146 70 159 67 173 66 45 -45 66 -55 86 -52 104 -35 82 -32 61 -33 188 -34 202 -50 226 -50 245 -39 227 -29 204 -27 92 113 112 105 131 102 144 104 158 103 174 107 194 117 179 142 158 155 144 161 125 157 108 145 101 117 131 115 144 116 157 116 183 117 157 130 145 132 128 129 74 -44 212 -41 
-6 -48 -4 -10 2 32 10 72 24 110 45 145 72 173 103 198 142 211 180 201 215 177 243 153 266 118 283 78 294 37 301 -1 304 -44 21 -92 41 -105 70 -104 98 -101 128 -88 165 -86 191 -97 223 -99 251 -95 273 -81 146 -42 145 -16 147 15 147 43 113 64 127 66 146 70 159 67 173 65 46 -45 64 -55 84 -53 104 -34 81 -32 58 -33 187 -34 201 -50 226 -50 244 -38 226 -29 203 -27 90 115 110 109 130 100 144 104 158 101 174 107 194 118 179 143 158 157 144 161 126 159 108 146 99 119 129 114 144 116 157 115 183 119 157 130 143 134 128 132 72 -44 212 -40 
-6 -50 -4 -11 2 28 11 72 23 111 43 143 70 173 102 199 141 212 180 202 215 178 243 152 267 119 283 77 295 36 300 -2 302 -44 21 -92 42 -104 71 -104 99 -102 129 -88 165 -85 191 -98 223 -100 251 -96 274 -81 145 -42 144 -15 146 16 147 44 112 65 126 68 144 72 159 69 172 67 44 -45 64 -54 84 -50 103 -33 80 -31 58 -32 187 -33 201 -49 224 -50 245 -38 226 -27 203 -26 91 116 111 107 129 102 144 105 158 103 174 107 194 119 179 143 157 156 143 162 125 158 107 146 100 118 128 116 144 119 157 117 183 120 157 131 143 133 127 130 72 -44 212 -40 
-5 -48 -5 -9 3 31 12 74 24 111 44 146 70 174 103 199 141 214 179 202 215 180 242 154 266 118 284 77 294 36 301 -3 303 -45 20 -92 43 -104 70 -104 98 -102 127 -88 166 -85 192 -96 224 -98 251 -96 273 -79 145 -41 144 -15 146 17 146 44 111 65 127 68 145 72 158 69 172 67 43 -43 65 -53 83 -51 102 -32 79 -30 58 -32 187 -32 201 -49 225 -50 244 -38 226 -27 203 -26 90 116 110 107 129 102 143 105 157 103 173 109 195 119 178 145 157 156 143 161 124 158 107 146 99 120 128 116 143 118 156 117 184 120 156 129 142 131 126 130 71 -44 211 -40 
-7 -49 -6 -9 2 30 11 73 23 112 44 141 70 176 100 202 140 213 178 205 215 182 243 154 267 119 282 79 295 38 299 -1 301 -45 19 -92 43 -104 70 -104 100 -102 128 -88 165 -84 191 -96 223 -98 251 -96 274 -81 144 -41 143 -14 145 17 144 46 112 66 126 70 144 72 159 69 171 69 43 -44 65 -54 83 -50 103 -33 79 -30 57 -31 188 -33 202 -49 225 -49 244 -36 226 -26 202 -25 92 118 111 107 128 103 142 107 156 104 171 108 194 122 176 145 157 156 142 158 124 155 105 143 99 119 127 117 142 119 155 118 183 121 157 131 143 131 127 130 72 -43 213 -39 
-6 -49 -5 -8 1 30 10 72 22 111 43 143 71 176 98 201 138 211 177 204 213 183 242 154 267 121 283 79 296 39 299 -1 301 -44 19 -91 44 -104 71 -103 99 -101 130 -87 166 -84 193 -95 222 -97 252 -95 275 -81 143 -40 142 -13 143 19 144 47 113 67 125 70 142 72 158 71 173 68 44 -43 63 -53 83 -50 103 -33 80 -29 57 -30 187 -33 203 -48 226 -48 243 -36 227 -26 202 -24 90 118 110 108 126 104 140 107 156 105 172 110 194 121 176 144 157 156 140 157 122 155 105 144 98 119 125 118 142 121 155 119 185 122 156 130 141 131 125 128 70 -42 213 -37 
-6 -49 -5 -8 1 30 10 73 22 112 43 143 70 176 98 201 139 211 178 206 213 181 243 152 267 120 282 79 295 40 301 -2 303 -43 20 -92 43 -103 70 -104 101 -100 129 -88 165 -84 192 -96 223 -98 251 -94 275 -80 144 -39 143 -12 144 19 143 48 112 67 126 70 142 73 158 71 172 69 44 -42 64 -52 84 -51 103 -34 80 -28 58 -31 188 -32 202 -47 226 -47 243 -35 226 -26 203 -25 89 117 110 108 126 105 140 107 155 106 171 110 194 122 173 145 156 156 141 158 123 155 106 143 99 119 124 119 141 121 154 121 184 122 156 128 140 130 124 127 72 -42 213 -38 
-6 -49 -6 -8 2 30 10 73 22 112 41 143 70 177 98 200 136 210 177 205 211 183 244 154 268 122 285 79 296 40 300 0 302 -43 18 -91 42 -104 70 -103 99 -100 131 -87 167 -83 194 -95 220 -97 252 -94 273 -79 144 -40 142 -13 142 19 142 48 112 69 126 70 140 74 158 71 174 69 43 -42 62 -52 82 -50 102 -32 81 -29 58 -30 187 -31 203 -47 226 -48 242 -36 227 -26 203 -24 88 118 111 108 125 105 138 109 154 106 173 110 194 122 174 145 157 156 138 157 123 154 105 143 99 120 124 121 138 121 153 122 184 123 154 125 137 127 124 124 70 -41 213 -37 
-7 -48 -6 -7 2 31 11 74 23 113 40 144 70 178 97 201 137 211 178 206 213 183 243 155 269 121 284 79 297 39 299 0 301 -44 16 -91 38 -103 70 -103 98 -101 130 -87 167 -82 193 -95 220 -97 251 -95 274 -80 142 -39 141 -13 142 20 142 47 112 68 126 71 140 74 157 71 173 70 43 -43 61 -53 83 -50 103 -33 81 -29 57 -30 188 -31 202 -48 227 -48 242 -36 226 -28 203 -26 87 118 111 108 125 104 139 109 155 105 173 111 193 123 173 144 156 155 137 156 123 153 104 142 99 119 124 120 138 122 155 121 184 122 155 123 138 126 124 123 71 -42 213 -37 
-6 -47 -5 -8 1 33 8 74 22 113 41 145 70 176 97 200 136 213 177 205 215 182 243 156 267 121 282 80 295 40 301 0 303 -44 15 -91 38 -103 70 -103 98 -101 130 -87 166 -82 192 -95 223 -97 251 -95 275 -78 143 -39 142 -14 141 19 142 46 111 67 125 70 141 74 158 71 172 70 43 -43 62 -53 83 -51 102 -32 81 -30 58 -31 187 -31 203 -48 226 -49 243 -35 226 -27 203 -25 87 116 110 109 124 104 139 107 154 105 172 111 193 121 172 144 155 154 137 155 122 153 104 142 100 119 123 120 139 123 153 121 183 122 153 124 138 126 123 123 71 -42 213 -38 
-6 -47 -7 -8 1 32 10 74 22 113 41 144 68 176 97 200 138 213 178 205 216 182 242 156 268 123 283 80 295 40 301 0 305 -42 17 -91 42 -103 70 -103 102 -101 130 -87 165 -82 191 -93 223 -97 252 -95 274 -77 145 -39 143 -12 143 19 144 46 112 68 124 70 141 75 159 71 171 70 43 -43 64 -53 84 -50 103 -32 80 -30 56 -31 187 -30 201 -48 225 -49 244 -35 225 -25 203 -25 88 117 109 109 125 104 139 107 155 105 171 111 194 121 173 144 156 155 139 155 121 153 105 142 98 119 124 120 139 123 154 121 183 122 154 124 138 126 124 123 71 -42 212 -38 
-6 -48 -6 -8 1 32 10 74 21 113 41 144 68 176 97 200 138 213 178 205 215 182 241 156 267 123 282 83 295 40 302 2 304 -41 20 -91 44 -103 70 -103 103 -99 128 -87 164 -82 190 -93 223 -97 250 -93 273 -77 145 -39 142 -12 143 21 143 48 111 67 125 70 142 75 158 71 172 70 43 -43 65 -53 83 -50 102 -32 79 -30 57 -31 187 -30 201 -48 226 -49 245 -35 226 -25 203 -25 88 117 109 109 126 104 140 107 156 105 170 111 193 121 172 142 155 154 140 154 121 153 106 142 98 119 123 120 140 123 155 122 182 122 155 122 139 126 123 123 72 -42 212 -38 
-6 -48 -5 -7 1 32 8 74 21 112 40 146 69 176 96 199 138 213 178 203 215 181 243 157 267 124 283 85 294 41 304 2 305 -40 20 -90 43 -101 71 -102 101 -99 129 -86 165 -83 191 -94 224 -96 251 -93 273 -77 144 -39 143 -13 143 19 144 46 112 68 124 69 141 75 159 70 172 70 43 -43 63 -52 83 -51 103 -33 80 -29 57 -30 187 -31 201 -47 225 -48 246 -36 226 -26 205 -24 88 118 109 108 125 104 139 106 156 105 170 110 193 122 172 143 156 154 139 154 121 152 107 141 99 120 124 121 139 124 153 122 183 123 155 123 138 127 124 124 70 -43 212 -37 
-5 -48 -6 -7 2 31 9 75 21 113 40 144 69 176 96 201 139 212 178 204 215 183 242 157 268 123 283 84 296 40 303 3 307 -39 19 -91 42 -102 71 -102 101 -98 129 -87 165 -81 192 -94 224 -96 252 -94 275 -76 144 -39 142 -13 142 20 142 47 112 69 125 70 140 74 158 71 172 71 44 -43 64 -52 84 -51 103 -33 80 -29 57 -30 188 -29 202 -47 225 -48 244 -35 226 -26 204 -24 88 118 110 108 125 103 138 107 155 106 171 110 193 122 172 143 155 154 138 154 122 153 105 143 99 119 124 120 138 123 154 121 184 122 154 123 137 125 124 122 72 -43 213 -37 
-6 -48 -6 -8 1 31 10 74 22 113 42 142 70 177 97 201 138 213 178 205 214 184 242 158 267 124 283 85 296 41 303 3 307 -39 20 -91 43 -102 70 -103 102 -100 128 -87 165 -83 191 -94 224 -97 252 -94 275 -76 144 -38 143 -13 143 20 143 47 112 68 126 71 141 74 159 72 173 70 43 -42 65 -54 85 -51 103 -33 79 -29 58 -32 188 -31 202 -47 226 -48 246 -36 227 -26 204 -24 87 118 109 107 125 104 139 108 156 105 171 111 193 123 173 144 156 154 139 155 121 153 106 142 98 119 124 120 139 123 155 122 183 122 155 122 139 124 124 121 73 -43 212 -39 
-5 -48 -5 -9 2 30 9 72 21 111 40 142 69 175 96 200 138 213 178 204 215 182 242 158 267 122 284 85 295 41 304 2 307 -39 20 -91 44 -102 70 -103 102 -100 129 -87 165 -82 191 -95 225 -97 252 -94 274 -76 144 -39 143 -14 143 19 144 46 112 67 126 70 143 74 159 71 173 70 44 -43 65 -54 85 -52 103 -32 80 -30 58 -31 187 -30 201 -48 226 -48 247 -35 227 -25 205 -25 88 116 109 106 125 104 139 107 156 105 171 111 194 121 173 144 156 154 139 154 121 153 105 142 98 119 124 120 139 121 154 121 183 122 155 124 138 126 124 123 73 -44 214 -38 
